4387	0
1738	0
2787	0
6203	0
5728	0
234	0
4197	0
912	0
3177	0
5469	0
6095	0
539	0
5411	0
5705	0
5162	0
1311	0
6257	0
4403	0
1957	0
3747	0
2039	0
1176	0
1410	0
6035	0
6221	0
202	0
5275	0
185	0
3436	0
6234	0
2162	0
4956	0
337	0
2379	0
5285	0
1606	0
4872	0
589	0
3634	0
1959	0
195	0
2512	0
4188	0
780	0
171	0
918	0
6254	0
1991	0
6134	0
3707	0
6186	0
4418	0
594	0
4796	0
6324	0
2762	0
4473	0
1900	0
6096	1
2035	0
2713	0
3695	0
2768	0
2706	0
2673	0
6242	0
6072	0
2783	0
1373	0
646	0
2651	0
1433	0
2826	0
925	0
5640	0
3243	0
4747	0
5994	0
3904	0
2603	0
4627	0
36	0
61	0
1621	0
3785	0
2820	0
1983	0
3077	0
614	0
4577	0
5105	0
5661	0
1962	0
4269	0
6	0
3708	0
877	0
6473	1
5957	0
1669	0
6187	0
1721	0
6047	0
180	0
2614	0
106	1
683	0
5324	0
4320	0
1543	0
3206	0
2556	0
4373	1
172	1
4198	0
5017	0
5203	0
4005	0
1969	0
6367	0
3564	0
4045	0
3843	0
1642	0
4877	0
784	0
5196	0
3074	0
4242	0
2884	0
708	0
5048	0
1207	0
795	0
3694	0
4013	0
5253	0
4999	0
1608	0
4330	0
216	0
5055	0
1377	0
5670	0
2102	0
3729	0
3342	0
5243	0
1310	0
607	0
5486	0
4267	0
1958	0
1945	0
5304	0
1347	0
4752	0
952	0
1453	0
336	0
2881	0
1112	0
1929	0
958	0
4240	0
4340	0
3854	0
2553	0
3198	0
388	0
2947	0
5925	0
4243	0
3133	0
479	0
960	0
528	0
2319	0
2914	0
456	0
5269	0
321	0
3587	0
4988	0
5069	0
5743	0
1774	0
4179	0
4803	0
3316	0
3285	0
5930	1
220	0
5847	0
2353	0
4732	0
4586	0
2334	0
418	0
3105	0
1940	0
3986	0
682	0
3247	0
4802	0
4592	0
1470	0
515	0
3513	0
993	0
3008	0
3113	0
899	0
564	0
5996	0
1380	0
2441	0
2744	0
6486	1
4341	0
5450	0
1528	0
4046	0
1661	0
5944	1
2170	0
4332	0
6178	0
636	0
6407	0
5114	0
4392	0
1064	0
5733	0
6082	0
4283	0
1341	0
1474	0
3099	0
1618	0
848	0
3851	0
346	0
701	0
2272	0
1746	0
731	0
4534	0
3147	0
6131	0
2474	0
3000	0
4047	0
5509	0
2491	0
15	0
4059	0
209	0
4342	0
3181	0
1259	0
4919	0
2577	0
2771	0
472	0
1675	0
6155	0
4220	0
2110	0
1810	0
3570	0
5688	0
3525	0
774	0
5818	0
949	0
6281	0
6443	0
702	0
2573	0
3581	0
1588	0
6434	0
2632	0
1641	0
1075	0
2216	0
4615	1
5163	0
3199	0
1417	0
595	0
5477	0
1941	0
1503	0
4955	0
6048	0
740	0
2080	0
5762	0
6351	0
3076	0
6207	0
5836	1
2246	0
1579	0
5779	1
169	0
1359	0
174	1
5000	0
1860	0
732	0
959	0
4863	0
512	0
1885	0
3861	0
5716	0
3726	0
110	1
154	1
2832	0
4848	0
3021	0
3984	0
2986	0
3408	0
4769	1
4410	0
4658	0
199	0
4289	0
4632	0
5345	0
4973	0
748	0
1580	0
2145	0
1082	0
4524	0
4223	0
3452	0
6118	0
4343	0
2140	0
5760	0
603	0
6462	1
5117	0
559	0
3019	0
6352	0
24	1
4314	0
3350	0
320	0
1065	0
525	0
391	0
3711	0
501	0
5538	0
5560	0
1461	0
3448	0
1554	0
4757	0
3915	0
2757	0
4505	0
2327	0
4009	0
3325	0
5668	0
3709	0
4980	0
2639	0
5029	0
2230	0
156	0
5309	0
5699	0
5803	0
2380	0
3758	0
3601	0
4579	0
6396	0
5128	0
5178	0
2857	0
3480	0
2429	0
5986	0
1353	0
1442	0
4321	0
6463	1
4203	0
3122	0
5583	0
5523	0
2175	0
5023	0
4152	0
5216	0
401	0
25	0
5511	0
1692	0
5184	0
4224	0
1680	0
5947	0
581	0
5441	0
5690	0
719	0
4766	1
2320	0
4572	0
633	0
2397	0
4170	0
3168	0
1670	0
1711	0
4180	0
2322	0
4331	0
6461	1
3050	0
4476	0
5255	0
1035	0
2650	0
3095	0
1619	0
6379	0
6107	0
423	0
2171	0
4344	0
4080	0
408	0
4785	0
5150	0
1439	0
5707	0
3368	0
609	0
3964	0
3784	0
2247	0
1514	1
246	0
2355	0
3822	0
1464	0
6273	0
1467	0
4031	0
5821	0
2203	0
5067	0
6326	0
60	0
1620	0
5763	0
6013	0
3189	0
2028	0
2645	0
2176	0
1538	0
2120	0
3338	0
3483	0
3842	0
1473	0
3303	0
2041	0
3937	0
5751	0
3094	0
3388	0
623	0
6262	0
4345	0
5352	0
2966	0
2360	0
2263	0
67	0
1814	0
5896	1
436	0
96	1
596	0
4704	0
707	0
1617	0
3340	0
4772	0
226	0
5093	0
6417	0
3051	0
2036	0
2766	0
3782	0
4520	0
3801	0
1684	0
779	0
4690	0
5828	1
3386	0
3719	0
3487	0
644	0
1184	0
3371	0
2388	0
885	0
4774	0
3219	0
6210	0
2206	0
5094	0
6397	0
4268	0
5472	0
3310	0
3145	0
6209	0
874	0
4158	0
3372	0
3402	0
4617	0
871	0
3512	0
3096	0
5631	0
2751	0
4456	0
1499	0
4200	0
6408	0
270	0
52	0
1890	0
1244	0
859	0
793	0
2724	0
3400	0
5118	0
2316	0
1281	0
3978	0
1365	0
2878	0
775	0
4825	0
4165	0
4186	0
4573	0
6497	1
4090	0
2292	0
1027	0
1710	0
45	1
2747	0
6001	0
932	0
3045	0
1153	0
196	0
2248	0
3373	0
3849	0
4199	0
4474	0
1133	0
1936	0
3169	0
5525	0
5617	0
6420	0
2003	0
5749	0
3745	0
6251	0
3091	0
4735	0
5317	0
4201	0
4417	0
2034	0
1789	0
2545	0
4540	0
1875	0
191	0
2847	0
2279	0
705	0
5695	0
4166	0
5019	0
5036	0
4260	0
4149	0
4134	0
4775	0
4142	0
884	0
49	1
6357	0
1293	0
5330	0
712	0
2750	0
316	0
4870	0
5074	0
238	0
2600	0
5007	0
5826	1
2193	0
3431	0
3914	0
4040	0
1688	0
2453	0
3078	0
3885	0
1223	0
2253	0
2317	0
5761	0
1531	0
4808	0
2699	0
3255	0
4271	0
4641	0
1795	0
6353	0
6226	0
5852	0
4831	0
133	0
1500	0
4319	0
4527	0
1815	0
424	0
4033	0
4850	0
832	0
83	1
4280	0
3079	0
4963	0
927	0
3528	0
3158	0
6292	0
3649	0
3916	0
4083	0
6065	0
3664	0
4799	0
1841	0
3004	0
604	0
4628	0
370	0
6132	0
4359	0
4643	0
5080	0
2318	0
4862	0
4581	0
2554	0
4947	0
6232	0
1722	0
3672	0
292	0
4374	0
348	0
421	0
1352	0
4767	0
3690	0
3130	0
4582	0
4938	0
3135	0
1318	0
5238	0
1381	0
1653	0
4234	0
4157	0
200	0
626	0
1676	0
5091	0
4270	0
146	0
5997	0
1876	0
3048	0
3673	0
5655	0
1727	0
4226	0
4620	0
69	1
1116	0
5417	0
1946	0
5696	0
4077	0
2899	0
1126	1
3069	0
498	0
2942	0
5824	1
2855	0
5024	0
3578	0
4254	0
6074	0
41	1
3886	0
3736	0
933	0
4600	0
2151	0
6309	0
1313	0
6298	0
2662	0
5188	0
4742	0
1894	0
5584	0
939	0
838	0
103	1
2351	0
913	0
6366	0
6398	0
3963	0
4934	0
3366	0
224	0
5133	0
260	0
624	0
3669	0
4499	0
5020	0
3322	0
3642	0
2055	0
5753	0
3841	0
3361	0
6097	0
1387	0
4857	0
2908	0
4155	0
471	0
93	1
5470	0
334	0
2239	0
4927	0
5822	1
2544	0
2555	0
375	0
4292	0
1671	0
2633	0
4729	0
4163	0
109	1
904	0
3808	0
2134	0
3229	0
1607	0
5801	1
450	0
6053	0
54	0
311	0
1403	0
1928	0
821	1
3942	0
3799	0
4323	0
2218	0
2470	0
805	0
3674	0
4164	0
6215	0
733	0
1822	0
757	0
1811	0
2955	0
1623	0
5369	0
1406	0
4995	0
4748	0
4858	0
5529	0
3542	0
4255	0
2307	0
3883	0
1833	0
3244	0
533	0
2060	0
2032	0
1762	0
5244	0
5968	0
1734	0
1694	0
3820	0
345	0
6354	0
2596	0
1104	0
4837	0
5897	1
5075	0
3429	0
1363	0
3800	0
1555	0
2430	0
680	0
950	0
5724	1
2358	0
2051	0
1297	0
3624	0
6276	0
971	0
5493	0
2211	0
2335	0
6129	0
5328	0
2219	0
6147	0
5937	0
1522	0
2748	0
6469	1
4830	0
3183	0
2769	0
4305	0
967	0
2154	0
5373	0
6229	0
1312	0
4183	0
4035	0
510	0
4206	0
3419	0
3610	0
5276	0
6062	0
3958	0
3346	0
4078	0
786	0
1686	0
560	0
1354	0
5651	0
5921	0
5044	0
5382	0
4829	0
804	0
2700	0
5607	0
3919	0
1076	0
1704	0
3153	0
1872	0
2448	0
4571	0
5561	0
5691	0
4457	0
3762	0
3943	0
127	1
3070	0
1541	0
6171	0
1186	0
3588	0
3492	0
3691	0
864	0
605	0
3844	0
1834	0
3962	0
2830	0
4383	0
2988	0
3938	0
3052	0
5831	1
5027	0
3137	0
365	0
2033	0
4720	0
1581	0
6056	0
5702	0
6184	0
3865	0
914	0
551	0
1701	0
2892	0
3456	0
4107	0
5966	0
1022	0
628	0
2199	0
4229	0
5003	0
3882	0
410	0
1996	0
1048	0
2900	0
6000	0
3972	0
5712	0
5123	0
4324	0
1942	0
4105	0
2717	0
4731	0
161	0
938	0
5641	0
1090	0
330	0
781	0
5008	0
5837	1
442	0
1553	0
684	0
4911	0
6049	0
2543	0
5853	1
3561	0
2998	0
4597	0
322	0
6054	0
806	1
1156	0
3250	0
729	0
3092	0
4746	0
2371	0
5920	0
1638	0
5648	0
351	0
3178	0
5095	0
1382	0
5915	1
4563	0
473	0
5088	0
6026	0
3680	0
4737	0
4694	0
3184	0
5788	1
2056	0
6428	0
5649	0
3236	0
881	0
4072	0
4601	0
6088	1
5578	0
4347	0
3446	0
4851	0
625	0
3563	0
3589	0
326	0
4207	0
4076	0
923	0
2368	0
7	0
4109	0
3866	0
5689	0
1168	0
3154	0
810	1
2485	0
2686	0
1166	0
6279	0
4084	0
4202	0
3506	0
2669	0
2283	0
3453	0
1954	0
3626	0
555	0
4334	0
2225	0
5765	0
6167	0
709	0
4444	0
3344	0
4969	0
3712	0
4789	0
1533	0
5642	0
2286	0
4415	0
3422	0
1987	0
4497	0
3983	0
3299	0
2773	0
1468	0
184	0
4066	0
5375	0
4218	0
1307	0
1456	0
104	1
648	0
2749	0
3965	0
4503	0
5882	0
2261	0
2212	0
4929	0
4838	0
3489	0
2037	0
854	0
2015	0
3896	0
2000	0
1687	0
1241	0
3574	0
787	0
5984	0
12	0
513	0
3329	0
3969	0
4221	0
4227	0
3245	0
3696	0
1101	0
4845	0
3884	0
942	0
369	0
5327	0
5009	0
2221	0
567	0
2076	0
499	0
6231	0
6476	1
3334	0
6172	0
2098	0
1723	0
1486	0
5136	0
4642	0
2758	0
4010	0
4770	0
6224	0
4558	0
2383	0
227	0
3840	0
403	0
3369	0
3345	0
2142	0
1356	0
1955	0
427	0
1724	0
1374	0
2114	0
5487	0
5447	0
6023	1
3830	0
3730	0
237	0
2948	0
434	0
2086	0
6168	0
527	0
519	0
2644	0
157	0
4967	0
1128	0
4012	0
5979	0
3516	0
2885	0
1702	0
5277	0
2257	0
443	0
4064	0
4711	0
5739	0
4225	0
4065	0
4211	0
62	1
4780	0
3175	0
2489	0
1367	0
5500	0
5842	0
2280	0
2483	0
4276	0
1444	0
5483	0
3082	0
1440	0
2775	0
6111	0
3086	0
3929	0
5706	1
3477	0
3061	0
5789	0
6022	0
3009	0
449	0
5097	0
3039	0
5247	0
3867	0
396	0
4492	0
2019	0
3732	0
6373	0
2237	0
2328	0
6282	0
2546	0
2375	0
327	0
4454	0
5170	0
2520	0
697	0
2073	0
788	0
2943	0
5126	0
3517	0
1956	0
4210	0
6287	0
3341	0
4464	1
339	0
3948	0
3332	0
1298	0
5122	0
5268	0
5042	0
2692	0
347	0
655	0
4337	0
5926	0
6163	0
2958	0
1933	0
349	0
5143	0
6395	0
5865	0
520	0
2638	0
972	0
4481	0
5854	1
2728	0
5270	0
3240	0
4279	0
5650	0
3107	0
6079	0
3036	0
1631	0
6291	0
3343	0
5825	0
669	0
1526	0
654	0
6151	0
6253	0
3970	0
5010	0
3337	0
4504	0
4661	0
3553	0
1225	0
2127	0
5418	0
1915	0
203	0
5510	0
3921	0
5318	0
816	0
5536	0
235	0
4489	0
1355	0
2490	0
4691	0
197	1
2284	0
1931	0
638	0
4659	0
2999	0
6189	0
6057	0
2050	0
4131	0
17	0
1167	0
6238	0
5049	0
5906	0
2396	0
853	0
4412	0
4355	0
440	0
4932	0
1975	0
622	0
3234	0
59	1
100	1
3109	0
1274	0
6294	0
2329	0
72	1
3756	0
2742	0
6404	0
3602	0
2759	0
1487	0
3176	0
4204	0
138	1
2391	0
5301	0
1703	0
113	1
6156	0
4259	0
5356	0
6133	0
4338	0
6078	1
4689	0
6127	0
5107	0
3080	0
3347	0
271	0
5814	0
1229	0
3734	0
6104	0
6158	0
4507	0
3072	0
1804	0
4962	0
3535	0
4389	0
219	0
55	0
4584	0
3370	0
5490	0
2634	0
3097	0
484	0
808	1
1078	0
1542	0
3944	0
2126	0
6323	0
5817	1
6041	0
2718	0
3821	0
1622	0
2094	0
5174	0
615	0
5710	0
5144	0
3172	0
5717	0
4676	0
1943	0
1790	0
5900	0
4730	0
5595	0
5199	0
3117	0
4381	0
4926	0
635	0
4205	0
312	0
2374	0
758	0
4458	0
3727	0
1812	0
3534	0
5810	0
430	0
489	0
2398	0
88	0
2241	0
4686	0
3278	0
2784	0
5200	0
1010	0
155	0
3966	0
217	0
13	0
1906	0
5629	0
5251	0
3349	0
3065	0
5952	0
1428	0
2928	0
4537	0
3607	0
3739	0
2264	0
3976	0
1388	0
4965	0
5204	0
359	0
3658	0
2860	0
2879	0
2146	0
3837	0
3136	0
4423	0
1693	0
6228	0
1559	0
445	0
2792	0
4583	0
1818	0
6449	1
2350	0
4685	0
3511	0
4388	0
3241	0
641	0
290	0
4037	0
5958	0
4044	0
3536	0
4264	0
5494	0
591	0
5941	1
207	0
2996	0
1196	0
3485	0
4228	0
4339	0
2856	0
2525	0
1550	0
3041	0
4776	0
6293	0
3114	0
2731	0
2399	0
441	0
3751	0
5333	0
5742	0
1349	0
4056	0
777	0
3450	0
6124	0
1250	0
1333	0
4346	0
342	0
2484	0
5734	0
2760	0
1159	0
4727	0
5193	0
1053	0
2886	0
4768	0
3473	0
2622	0
5725	0
1309	0
4629	0
875	0
2123	0
3791	0
2681	0
2861	0
630	0
18	0
1801	0
5167	0
4585	0
696	0
2619	0
2290	0
4633	0
6385	0
2384	0
3259	0
4445	0
6470	1
3746	0
5392	0
5212	0
4061	0
1592	0
664	0
5068	0
390	0
5393	0
6246	0
5370	0
2605	0
97	1
4231	0
1187	0
524	0
4526	0
2841	0
201	0
2680	0
3647	0
350	0
2414	0
1589	0
782	0
2479	0
1327	0
4325	0
3348	0
1389	0
3562	0
2217	0
3975	0
4453	0
6459	1
1222	0
2122	0
3872	0
4190	0
3823	0
1839	0
1759	0
77	1
3118	0
3215	0
5239	0
6051	0
299	0
1999	0
3623	0
4604	0
4945	0
5562	1
3256	0
454	0
4014	0
5677	0
194	0
1758	0
6380	0
6126	0
84	1
2113	0
4427	0
2437	0
6263	0
6295	0
6441	0
5726	0
3940	0
4888	0
3121	0
2674	0
262	0
2332	0
136	1
4593	0
2929	0
3216	0
6044	0
6391	0
4123	0
4957	0
186	0
3683	0
50	1
1807	0
915	0
627	0
3358	0
5293	0
2312	0
1932	0
1162	0
1448	0
4809	0
543	0
2336	0
208	0
2729	0
6020	0
818	0
1677	0
2893	0
2827	0
5108	0
5160	0
3551	0
2798	0
3296	0
1825	0
4191	0
2460	0
618	0
846	0
597	0
2944	0
4745	0
6225	0
1782	0
5711	0
3142	0
5119	0
1817	0
3464	0
2081	0
5785	0
4011	0
4546	0
763	0
3500	0
4639	0
5415	0
1699	0
6045	0
3682	0
2626	0
3733	0
1629	0
2814	0
4070	0
364	0
2285	0
3100	0
5240	0
571	0
3510	0
4153	0
2945	0
5832	0
3891	0
4443	0
1227	0
3020	0
957	0
926	0
5115	0
205	0
4385	0
5116	0
6327	0
1609	0
5241	0
900	0
1548	0
2917	0
6358	0
1705	0
1299	0
980	0
4614	0
6475	1
4777	0
2179	0
1091	0
580	0
3224	0
3141	0
5840	0
2493	0
6139	0
5820	1
1131	0
3774	0
5065	0
2984	0
6119	0
940	0
3836	0
706	1
1544	0
652	0
2887	0
2567	0
1305	0
5001	0
568	0
720	0
1190	0
2946	0
2359	0
6384	0
1315	0
2923	0
2177	0
4811	0
5228	0
4214	0
1920	0
4288	0
767	0
5528	0
2601	0
1747	0
2031	0
3590	0
698	0
1783	0
632	0
3047	0
3979	0
4111	0
147	0
6201	0
3119	0
5195	0
894	0
4050	0
3579	0
5927	1
6087	0
2828	0
2278	0
566	0
5242	0
5591	0
2047	0
5357	0
5608	0
4247	0
6284	0
4662	0
752	0
3277	0
4740	0
5501	0
556	0
3930	0
3257	0
2013	0
4936	0
1545	0
19	0
4361	0
5125	0
231	1
714	0
2740	0
521	0
3981	0
977	0
3839	0
480	0
5442	0
2095	0
1329	0
3111	0
2082	0
5394	0
1935	0
2506	0
145	1
124	0
3103	0
5577	0
4865	1
6376	0
2613	0
588	0
768	0
6177	0
3635	0
6468	1
2223	0
44	0
3478	0
6169	0
2646	0
2088	0
5579	0
3230	0
3835	0
4384	0
1383	0
5934	0
5154	0
1465	0
4616	1
2845	0
5043	0
2510	0
467	0
468	0
309	0
4580	0
2038	0
1791	0
5473	0
4167	0
6467	1
2949	0
5521	0
2627	0
5073	0
5971	0
4539	0
1445	0
4230	0
2337	0
4401	0
4395	0
1960	0
5898	0
1984	0
328	0
5120	0
2789	0
5547	0
5166	0
4286	0
5348	0
6403	0
4647	0
844	0
402	0
3143	0
425	0
2064	0
3075	0
166	1
2166	0
5478	0
5923	0
665	0
2774	0
1840	0
4232	0
783	0
3890	0
4173	0
3449	0
4846	0
4519	0
4849	0
5422	0
2352	0
4728	0
4252	0
526	0
5588	1
3603	0
4832	0
4508	0
4475	0
5565	0
4533	0
428	0
2985	0
6321	0
1443	0
2833	0
2001	0
502	0
1799	0
4192	0
2492	0
2694	0
1185	0
2903	0
1781	0
1452	0
1639	0
2698	0
6318	0
3911	0
4273	0
5252	0
1965	0
1912	0
1451	0
4996	0
1021	0
5018	0
1594	0
2415	0
3953	0
204	0
206	0
2366	0
3401	0
288	0
2557	0
1832	0
4700	0
474	0
5111	0
2624	0
5134	0
3857	0
386	1
3125	0
5264	0
3765	0
2739	0
3202	0
325	0
2365	0
1985	0
3197	0
4245	0
3656	0
131	1
598	0
3027	0
3838	0
1953	0
89	0
1813	0
6110	0
4637	0
4413	0
3892	0
4451	0
5969	0
599	0
1324	0
5665	0
122	1
3022	0
4610	0
6080	0
1968	0
132	1
953	0
2701	0
1339	0
5011	0
1140	0
5350	0
3873	0
3058	0
4326	0
5082	0
5563	0
313	0
5730	0
5540	0
3028	0
6194	0
849	0
2200	0
2338	0
1966	0
734	0
14	0
3123	0
534	0
3472	0
1907	0
5334	0
4108	0
210	0
1302	0
6090	0
1913	0
5002	0
4303	0
5602	0
5645	0
5983	1
3409	0
6409	0
2726	0
4285	0
2494	0
3713	0
1330	0
33	1
966	0
406	0
2610	0
3474	0
2991	0
5081	0
352	0
4806	0
404	0
2854	0
2519	0
2862	0
3026	0
1008	0
1546	0
5819	1
5802	0
3217	0
4613	0
6350	0
4465	0
4667	0
5792	0
1518	0
5194	0
4536	0
130	1
5526	0
692	0
1345	0
4274	0
4993	0
6399	0
868	0
4576	0
5201	0
4687	0
5913	1
2376	0
4552	0
3845	0
5427	0
1255	0
3813	0
4256	0
919	0
1181	0
178	0
1986	0
2611	0
3300	0
42	1
252	0
2249	0
2498	0
2842	0
5544	0
3549	0
16	0
1455	0
5945	0
310	0
466	0
3116	0
3411	0
1772	0
1657	0
606	0
5215	0
5946	0
444	0
3847	0
394	0
1678	0
4753	0
2643	0
4222	0
367	0
5256	0
2891	0
3925	0
3281	0
416	0
6442	0
3463	0
3081	0
3571	0
2609	0
3585	0
717	0
941	0
5410	0
1087	0
2361	0
3875	0
5901	1
4701	0
4890	0
2950	0
3083	0
4528	0
266	0
3935	0
2229	0
5573	0
689	0
2128	0
2888	0
1628	0
2461	0
485	0
3793	0
4275	0
3543	0
5771	0
6260	0
2189	0
5876	1
751	0
1303	0
3846	0
2829	0
1508	0
3794	0
2898	0
4894	0
5904	0
1287	0
2647	0
3412	0
4310	0
6128	0
4295	0
4758	0
5889	1
2235	0
6413	0
2403	0
1739	0
85	1
5342	0
4272	0
3002	0
2488	0
245	0
4452	0
1829	0
5524	0
5471	0
4424	0
1368	0
3514	0
2951	0
2702	0
357	0
1271	0
3619	0
5220	0
1937	0
6211	0
674	0
1434	0
2196	0
2593	0
1988	0
3554	0
3044	0
2623	0
2400	0
4119	0
5776	0
2087	0
4807	0
4174	0
6101	0
190	0
2054	0
5815	1
5254	0
3376	0
4861	0
6255	0
4566	0
2159	0
2960	0
3225	0
2939	0
2675	0
4557	0
2504	0
2952	0
776	0
1134	0
411	0
152	0
4414	0
2741	0
1873	0
2065	0
4864	0
4069	0
1331	0
3185	0
3648	0
5305	0
1849	0
1	0
1662	0
3887	0
5076	0
6197	0
5061	0
149	1
153	0
5034	0
218	0
3706	0
4935	0
2302	0
5671	1
1418	0
3433	0
4390	0
576	0
4425	0
6214	0
928	0
2809	0
988	0
5388	0
46	0
6098	0
1384	0
438	0
3559	0
5070	0
1132	0
3941	0
5175	0
557	0
6415	0
3530	0
1069	0
1325	0
6405	0
2752	0
1718	0
2540	0
4196	0
56	0
3977	0
198	0
5748	0
2168	0
5429	0
4148	0
3354	0
3129	0
1927	0
2438	0
5891	0
1037	0
4002	0
6453	1
2409	0
5202	0
2975	0
6258	0
476	0
5675	1
5420	0
573	0
1077	0
392	0
703	0
2571	0
608	0
5164	0
3766	0
4541	0
1784	0
4712	0
1364	0
2630	0
4277	0
393	0
1332	0
6250	0
2625	0
5849	0
590	0
5899	0
1794	0
3877	0
4887	0
2293	0
282	0
4301	0
4603	0
6451	1
1378	0
2753	0
1512	0
529	0
5013	0
6338	0
2141	0
5539	0
1288	0
5461	0
3421	0
3239	0
5719	1
6125	0
905	0
1289	0
5245	0
1640	0
4878	0
4358	0
5004	0
158	0
331	0
3787	0
2153	0
3166	0
3573	0
5400	0
37	0
4098	0
4598	0
3945	0
2776	0
5157	0
4708	0
2777	0
951	0
2858	0
2743	0
6296	0
2727	0
3859	0
3413	0
5701	0
3824	0
2980	0
2298	0
4989	0
5603	0
2871	0
5468	0
4886	0
5376	0
2782	0
5727	0
4143	0
1552	0
1905	0
4360	0
4017	0
5884	1
1262	0
541	0
3397	0
6164	0
4702	0
2306	0
5066	0
2444	0
1842	0
457	0
6464	1
647	0
481	0
3394	0
1663	0
2315	0
4036	0
5838	1
990	0
4073	0
2896	0
2972	0
3971	0
4322	0
2121	0
1334	0
2165	0
3641	0
4952	0
2256	0
2930	0
6274	0
4208	0
1938	0
2330	0
1507	0
6368	0
6198	0
1925	0
2738	0
656	0
6271	0
760	0
6061	0
4363	0
6444	1
3073	0
6030	0
3526	0
5634	0
2987	0
1914	0
1273	0
134	0
464	0
189	0
3681	0
5071	0
5662	0
530	1
4636	0
1916	0
1749	0
2385	0
5700	0
6445	1
3518	0
272	0
4007	0
4866	0
3035	0
6136	0
242	0
5219	0
3302	0
5723	0
4402	0
5795	0
4824	0
5155	0
5759	1
2339	0
3951	0
1295	0
4525	0
3946	0
2439	0
3233	0
3848	0
1848	0
1716	0
5813	0
811	0
5205	0
3926	0
6454	1
2655	0
4703	0
3676	0
2653	0
5213	0
2953	0
1582	0
2846	0
5961	1
2143	0
699	0
558	0
4630	0
5438	0
4810	0
1773	0
522	1
3132	0
3246	0
170	0
1819	0
4798	0
908	0
3110	0
3931	0
3167	0
3294	0
2362	0
1125	0
4118	0
1515	0
3353	0
2889	0
1220	0
4529	0
3810	0
5326	0
2558	0
6179	0
637	0
1586	0
2195	0
5443	0
1103	0
3320	0
5456	0
3355	0
2804	0
670	0
2521	0
5772	0
4449	0
1726	0
2709	0
2606	0
264	0
2954	0
1346	0
2640	0
1014	0
984	0
886	0
3120	0
2848	0
5358	0
273	0
1175	0
1742	0
713	0
2734	0
1898	0
232	0
1023	0
4357	0
3636	0
5533	0
6278	0
3418	0
3789	0
802	0
4531	0
2099	0
2499	0
3112	0
1681	0
2242	0
3701	0
1369	0
3710	0
1462	0
5156	0
1092	0
3311	0
1143	0
20	0
38	0
711	0
223	0
491	0
1567	0
2594	0
6233	0
3084	0
148	0
3085	0
592	0
6429	0
1028	0
553	0
6259	0
4823	0
6432	0
1020	0
2956	0
4327	0
5527	0
6083	1
3772	0
3645	0
3829	0
746	0
2963	0
2301	0
3917	0
5833	0
681	0
5401	0
1105	0
2957	0
5419	0
3295	0
4470	0
2331	0
5121	0
6431	0
4015	0
3952	0
3491	0
4535	0
3606	0
492	0
5681	0
2224	0
2712	0
3231	0
236	0
872	0
4419	0
1141	0
5444	0
3493	0
4790	0
5729	0
5062	0
3807	0
98	1
248	0
6052	0
3272	0
5453	0
4213	0
1583	0
2124	0
374	0
188	1
2767	0
5467	0
1934	0
4778	0
5658	0
2092	0
3913	0
2250	0
2476	0
137	1
4051	0
2402	0
2732	0
1425	0
6130	0
6299	0
2043	0
1626	0
5956	0
1664	0
506	0
629	0
645	0
6105	0
405	0
5773	0
3504	0
1614	0
469	0
2959	0
150	0
2859	0
5431	0
2066	0
995	0
4052	0
275	0
1469	0
1385	0
2167	0
1697	0
5432	0
3982	0
685	0
5683	0
1600	0
616	0
3037	0
4506	0
4542	0
882	0
2547	0
2135	0
1426	0
6411	0
4154	0
2801	0
1768	0
4348	0
2059	0
1150	0
3757	0
4513	0
5596	0
3015	0
1939	0
982	0
4147	0
63	1
5197	0
3949	0
4668	0
4771	0
2254	0
610	0
4353	0
4937	0
2287	0
4741	0
407	0
1757	0
2778	0
1788	0
221	0
3053	0
1480	0
6152	0
2440	0
4362	0
2068	0
2426	0
4429	0
2462	0
2395	0
1530	0
4422	0
2401	0
5905	1
21	0
6170	0
5332	0
1850	0
1519	0
2204	0
4096	0
2906	0
4209	0
4058	0
2868	0
4530	0
4879	0
1427	0
5360	0
1493	0
5692	0
3665	0
3731	0
2733	0
3907	0
3806	0
4733	0
1253	0
3519	0
4964	0
3833	0
2835	0
1601	0
3146	0
343	0
4509	0
1335	0
1245	0
2890	0
5902	0
5492	0
1242	0
1188	0
2637	0
3888	0
2186	0
2178	0
1665	0
2689	0
3928	0
4318	0
2894	0
2849	0
836	0
4407	0
5618	0
5731	0
5077	0
1319	0
2569	0
6362	0
4867	0
4734	0
1320	0
3868	0
107	1
4635	0
4281	0
308	0
5534	0
6120	0
4029	0
3292	0
2502	0
2071	0
6466	1
125	1
4426	0
5874	0
6393	0
1009	0
6204	0
4328	0
4833	0
228	0
2201	0
5351	0
3960	0
6400	0
4645	0
1459	0
5479	0
431	0
1863	0
4930	0
193	0
2417	0
883	0
5610	0
1760	0
3920	0
6272	0
2736	0
3144	0
3568	0
1505	0
2389	0
1802	0
5559	0
1658	0
4016	0
4490	0
4966	0
1630	0
1246	0
1409	0
4278	0
4538	0
653	0
3356	0
1883	0
1659	0
2918	0
5389	0
1197	0
5991	0
4543	0
1695	0
6355	0
5586	0
4638	0
1577	0
4502	0
1336	0
263	0
2416	0
3702	0
741	0
1475	0
5601	0
4622	0
2455	0
6181	0
820	0
1632	0
4097	0
1119	0
2704	0
540	0
873	0
4773	0
3336	0
3985	0
2501	0
108	1
422	0
2156	0
4308	0
3403	0
51	0
798	0
2628	0
5682	0
5152	0
6283	0
57	0
5703	0
639	0
2534	0
4834	0
2372	0
3654	0
419	0
5413	0
3063	0
6084	0
162	0
2258	0
439	0
1463	0
5148	0
2746	0
5371	0
1666	0
6180	0
2149	0
4144	0
5257	0
2475	0
1282	0
1989	0
2933	0
5363	0
387	0
4246	0
3897	0
5611	0
2083	0
1212	0
1864	0
1466	0
5319	0
4779	0
5355	0
896	0
1944	1
4602	0
4317	0
3818	0
5278	0
5331	0
6148	0
631	0
5790	0
3714	0
3033	0
3973	0
2816	0
3852	0
3115	0
6165	0
128	1
772	0
3235	0
1304	0
2595	0
4644	0
3828	0
3405	0
5520	0
934	0
3819	0
3357	0
1540	0
5576	0
2210	0
6135	0
5935	0
2109	0
4880	0
5995	0
4124	0
6414	0
1948	0
338	1
3265	0
1361	0
4416	0
1079	0
968	0
3643	0
274	0
2581	0
586	0
569	0
789	0
6031	0
465	0
2457	0
1796	0
6261	0
5844	0
95	1
3279	0
78	1
640	0
4826	0
1717	0
1816	0
3814	0
5885	1
3457	0
704	0
3242	0
3675	0
2761	0
3547	0
6123	0
222	0
2111	0
3237	0
865	0
5974	0
6018	0
5975	0
1145	0
2500	0
700	0
4544	0
5440	0
2913	0
2754	0
5553	0
3494	0
192	0
2850	0
4455	0
3999	0
6275	0
1375	0
4479	0
5314	0
822	0
2131	0
4567	0
2152	0
801	0
5704	0
1366	0
3735	0
2213	0
5307	0
4914	0
1584	0
3173	0
5508	0
3507	0
3870	0
944	0
1177	0
4446	0
4560	0
1667	0
2214	0
5403	0
2198	0
3869	0
4460	0
5312	0
1317	0
3825	0
563	0
3850	0
5378	0
4349	0
1751	0
2348	0
1393	0
5190	0
3569	0
3301	0
2042	0
2800	0
2466	0
2321	0
2367	0
3715	0
6122	0
6112	0
2245	0
3879	0
6265	0
1527	0
5379	0
4296	0
3781	0
936	0
3895	0
6465	1
3716	0
6230	0
2528	0
2125	0
1668	0
426	0
2806	0
1429	0
3054	0
866	0
1980	0
1390	0
5412	0
3927	0
5459	0
3995	0
1712	0
6370	0
4623	0
827	0
5516	0
4132	0
937	0
6046	0
6341	0
6304	0
2641	0
314	0
1917	0
6227	0
2208	0
3650	0
657	0
335	0
5592	0
1391	0
3548	0
376	0
1084	0
4181	0
5823	0
1891	0
8	0
3374	0
3232	0
2940	0
2486	0
2450	0
2882	0
4587	0
2874	0
3351	0
3238	0
90	1
1700	0
3324	0
4663	0
5866	0
10	0
2432	0
5660	0
371	0
1113	0
4958	0
2805	0
887	0
2997	0
409	1
482	0
1458	0
1059	0
4156	0
2679	0
2714	0
5031	0
2531	0
4189	0
5992	0
6359	0
523	0
43	1
4568	0
570	0
4860	0
1803	0
509	0
4749	0
3531	0
2705	0
917	0
500	0
516	0
1072	0
1189	0
1947	0
181	0
2648	0
4193	0
1532	0
6498	1
3273	0
593	0
1213	0
261	0
5627	0
2629	0
1921	0
755	0
5722	0
3248	0
572	0
1169	0
5530	0
4074	0
1337	0
1831	0
265	0
4874	0
1170	0
2907	0
2941	0
2067	0
3046	0
1135	0
3192	0
4510	0
4791	0
4873	0
6102	0
2100	0
1949	0
5266	0
5399	0
6043	0
4994	0
4459	0
5948	0
2377	0
3124	0
2795	0
935	0
3260	0
686	0
876	0
4736	0
1460	0
3604	0
924	0
5750	0
4515	0
5663	0
3393	0
5791	0
759	0
544	0
1275	0
3509	0
5903	0
6264	0
3522	0
5137	0
611	0
362	0
5226	0
2503	0
4923	0
225	0
3001	0
1294	0
4738	0
1476	0
3832	0
5693	0
495	0
5793	0
3505	0
2418	0
4437	0
64	0
5732	0
3520	0
1824	0
5142	0
1314	0
5323	0
4018	0
6140	0
1086	0
2180	0
4948	0
1979	0
5535	0
3773	0
1520	0
5804	1
4781	0
6492	1
2463	0
4545	0
1993	0
1392	0
1179	0
4433	0
3030	0
5265	0
477	0
6406	0
5626	0
2693	0
2112	0
3922	0
3775	0
5868	1
4869	0
3367	0
5735	0
1457	0
1357	0
2069	0
4697	0
2340	0
397	0
4162	0
1691	0
5916	1
1857	0
3434	0
47	0
6004	0
2793	0
1880	0
1051	0
2552	0
4447	0
1509	0
2423	0
906	0
1407	0
3936	0
4404	0
2215	0
5936	0
3961	0
5221	0
2931	0
847	0
2288	0
340	0
6419	0
2993	0
3515	0
5827	1
3912	0
2343	0
3437	0
2313	0
1806	0
389	0
4329	0
3071	0
5109	0
1610	0
5172	0
6336	0
446	0
3831	0
1348	0
1534	0
3363	0
6333	0
4496	0
4089	0
4020	0
1981	0
2442	0
5005	0
276	0
1286	0
1492	0
1322	0
5507	0
1918	0
979	0
2737	0
1655	0
11	0
1061	0
4754	0
6450	1
4099	0
2202	0
3304	0
3545	0
574	0
381	0
4835	0
3029	0
2243	0
2297	0
2745	0
5780	0
3375	0
5053	0
2205	0
3987	0
5715	1
2631	0
643	0
5353	0
2794	0
4150	0
5445	0
3126	0
5843	0
5764	0
3055	0
649	0
1012	0
2431	0
745	0
2803	0
2779	0
3950	0
663	0
4599	0
5325	0
2764	0
3323	0
4915	0
5434	0
2057	0
5922	0
4290	0
6086	1
6433	0
3062	0
2970	0
187	0
2344	0
151	0
3179	0
1706	0
5949	1
2981	0
3809	0
4739	0
3629	0
4559	0
1358	0
4547	0
4910	0
998	0
4812	0
666	0
4511	0
4466	0
447	0
1226	0
6280	0
2425	0
5959	0
1127	0
460	0
1099	0
4248	0
6334	0
1430	0
4836	0
2844	0
4039	0
961	0
1394	0
429	0
5130	0
5609	0
4875	0
3582	0
3853	0
878	0
2791	0
737	0
2163	0
2961	0
3539	0
39	0
3720	0
658	0
1990	0
5755	0
4726	0
2514	0
2788	0
6471	1
4759	0
4868	0
1219	0
999	0
1372	0
6460	1
5684	0
3131	0
4899	0
4839	0
298	0
6485	1
5550	1
317	0
1761	0
5380	0
2802	0
5372	0
2386	0
4979	0
3321	0
1624	0
215	0
1919	0
715	0
2363	0
2895	0
5421	0
4640	0
753	0
5096	0
4968	0
1011	0
3335	0
3717	0
4783	0
353	0
2831	0
4128	0
4079	0
4840	0
1835	0
1316	0
969	0
1386	0
4665	0
4368	0
4705	0
4106	0
6235	0
5458	0
2932	0
3059	0
4750	0
2682	0
3162	0
1073	0
1139	0
1321	0
6266	0
1656	0
850	0
3855	0
142	0
2843	0
4985	0
1827	0
2559	0
4282	0
2780	0
5206	0
4981	0
1696	0
368	0
716	0
4916	0
2115	0
4618	0
3980	0
3148	0
4917	0
6055	0
4554	0
6199	0
2103	0
6472	1
3416	0
2607	0
3802	0
3060	0
1056	0
4561	0
1055	0
858	0
372	0
3010	0
5182	0
483	0
126	1
4333	0
5697	0
2373	0
1539	0
3633	0
1585	0
3637	0
3860	0
3384	0
2289	0
3253	0
5448	0
1085	0
4136	0
2772	0
1865	0
2576	0
5185	0
5329	0
879	0
4896	0
2578	0
1672	0
2817	0
6077	0
505	0
2967	0
2509	0
4138	0
4959	0
996	0
6038	0
2192	0
2870	0
2636	0
4755	0
5335	0
6081	0
2314	0
48	0
3360	0
2703	0
1866	0
412	0
5845	0
3503	0
1587	0
3565	0
2061	0
3502	0
4827	0
1447	0
1300	0
6369	0
4828	0
4532	0
86	0
2796	0
778	0
5736	0
486	0
561	0
5454	0
3599	0
4562	0
5652	0
2231	0
1613	0
300	0
4706	0
1924	0
2323	0
1549	0
1922	0
5867	0
577	0
3454	0
5104	0
1648	0
5424	0
4371	0
6085	0
4997	0
3663	0
1625	0
6099	0
1901	0
754	0
3170	0
2561	0
5021	0
5222	0
503	0
5653	0
1093	0
1431	0
2473	0
2755	0
4233	0
4364	0
4939	0
3352	0
1698	0
53	0
3326	0
3651	0
5589	1
4430	1
6401	0
869	0
3988	0
1252	0
5737	0
538	0
4907	0
1264	0
2563	0
1191	0
2513	0
3049	0
3811	0
6335	0
4565	0
3031	0
79	1
3423	0
1877	0
3959	0
2707	0
994	0
2291	0
6070	0
2187	0
1471	1
2419	0
135	0
4605	0
3974	0
1446	1
4548	0
5863	1
4235	0
3572	0
448	0
3954	0
6410	0
694	0
211	0
6100	0
6092	0
4871	0
6063	0
4549	0
6277	0
5708	1
1488	0
660	0
3967	0
3591	0
6059	0
2299	0
5549	0
1805	0
115	0
612	0
1950	0
5638	0
5308	0
2911	0
3856	1
5310	0
6256	0
277	0
3266	0
3209	1
3395	0
973	0
2333	0
5907	1
769	0
1094	0
4482	0
851	0
1926	0
5225	0
5320	0
6137	0
2708	0
2465	0
413	0
3032	0
358	0
459	0
1276	0
5267	0
6474	1
1859	0
2020	0
661	0
3605	1
5841	0
2522	0
710	0
2770	0
6036	0
2144	0
6149	0
634	0
58	0
4550	0
5738	0
2785	0
1725	0
985	0
3718	0
6247	0
831	0
6153	0
1171	0
3426	0
6154	0
943	0
4238	0
1566	0
5060	0
3297	0
341	0
5587	0
6381	0
1265	0
4350	0
4876	0
3359	0
4984	0
1267	0
6268	0
173	0
6236	0
4782	0
5336	0
1233	0
1627	0
3056	0
139	1
1735	0
2244	0
902	0
4461	0
3156	0
2735	0
3298	0
6392	0
4104	0
1874	0
5796	0
2670	0
1529	0
229	0
4284	0
4522	0
1214	0
400	0
1826	0
3451	0
1707	0
1535	0
5574	0
3826	0
4801	0
3108	0
4141	0
2721	0
764	0
839	0
4335	0
315	0
976	0
4462	0
1210	0
5464	0
6108	0
650	0
3396	0
1097	0
2136	0
1568	0
1074	0
5740	0
3164	0
4133	0
307	0
3863	0
5787	1
2443	0
5512	0
3327	0
3057	0
26	1
3319	0
1472	0
2116	0
2172	0
4611	0
6058	0
3566	0
1026	0
1204	0
3776	0
5124	0
4467	0
1183	0
2664	0
91	0
4379	0
3254	0
4743	0
4841	0
659	0
3692	0
3834	0
562	0
1157	0
1775	0
4512	0
5807	0
6196	0
2017	0
5963	1
5531	0
1296	0
1338	0
6103	0
6106	0
1247	0
1379	0
642	0
4551	0
6138	0
3023	0
5086	0
241	0
1660	0
4057	0
4764	0
4236	0
4041	0
2029	0
671	0
3703	0
954	0
2570	0
6422	0
5950	0
360	0
179	1
1477	0
6089	1
4881	0
5816	1
2710	0
3488	0
3955	0
4375	0
5207	0
4954	0
212	0
2548	0
916	0
1350	0
6288	0
2921	0
5354	0
3387	0
3652	0
2481	0
5794	0
1067	0
799	0
3282	1
5612	0
1690	0
344	0
105	1
159	1
1808	0
4313	0
4139	0
1951	0
4553	0
735	0
6402	0
1598	0
213	0
5781	0
2378	0
5474	0
4555	0
840	0
5346	0
5258	0
542	0
2408	0
5517	0
6267	0
5513	0
318	0
2018	0
1820	0
2464	0
1510	0
2270	0
4376	0
2505	0
4082	0
545	0
1643	0
6371	0
114	1
718	0
1547	0
4646	0
4006	0
6457	1
1108	0
2511	0
2922	0
1570	0
1491	0
4463	0
6243	0
721	0
2181	0
4912	0
531	0
65	1
2781	0
3659	0
2756	0
3306	0
214	0
2357	0
4578	0
4336	0
487	0
1277	0
546	0
1821	0
4648	0
230	0
301	0
819	0
1342	0
2695	0
377	0
3752	0
3414	0
5855	0
2851	0
453	0
332	0
3816	0
2220	0
651	0
3417	0
233	0
6150	0
5917	0
2897	0
164	0
4800	0
1239	0
3871	0
4744	0
554	1
6488	1
5102	0
80	1
5778	0
3180	0
6066	0
239	0
1930	0
6297	0
3827	0
1395	0
4649	0
3858	0
565	0
1899	0
5153	0
1088	0
3430	0
302	0
2602	0
5187	0
4902	0
1422	0
3064	0
1122	0
2730	0
4291	0
1278	0
4751	0
1068	0
2786	0
5423	0
3687	0
3444	0
66	0
4842	0
5446	0
323	0
5953	0
2062	0
4428	0
4468	0
2160	0
5938	0
68	1
1590	0
5078	0
2118	0
3737	0
5484	0
5006	0
3455	0
1556	0
5718	1
5679	1
6121	0
880	0
4159	0
3750	0
3087	0
4484	1
2117	0
5359	0
6412	0
1224	0
6195	0
1362	0
4556	0
2852	0
4721	0
240	0
1216	0
5273	0
5237	0
163	0
2495	0
5960	0
5666	0
6269	0
3583	0
6285	0
1511	0
1521	0
2011	0
5099	0
1878	0
373	0
2901	0
4756	0
3106	0
6190	0
2496	0
4974	0
1536	0
4564	0
3475	0
2027	0
5416	0
4650	0
140	1
4488	0
243	0
981	0
6424	0
4677	0
2273	0
2002	0
1018	0
3618	0
2684	0
5012	0
5014	0
3993	0
116	1
5552	0
4882	0
5381	0
5799	0
1879	0
5805	1
3721	0
2058	0
5594	0
70	1
5181	0
3803	0
1419	0
582	0
1283	0
6487	1
1952	0
1961	0
983	0
4951	0
2711	0
3006	0
1766	0
5249	0
1478	0
2916	0
2715	0
5455	0
3862	0
244	0
3575	0
2902	0
247	0
4	0
27	1
1421	1
2763	0
6109	0
6438	0
4085	0
1215	0
5367	0
5395	0
4071	0
6484	1
1435	0
3689	0
1551	0
5282	0
2467	0
2904	0
575	0
2541	0
897	0
920	0
3576	0
4115	0
5654	1
354	0
3657	0
1785	0
1649	0
2905	0
5797	0
81	1
4249	0
414	0
1248	0
4487	0
249	0
5406	0
5798	0
5466	0
2934	0
6372	0
111	1
250	0
1024	0
5924	1
2549	0
5928	0
2720	0
2652	0
5337	0
92	1
2445	0
3584	0
785	0
2390	0
1370	0
1495	0
4516	0
6286	0
395	0
3364	0
4287	0
5908	1
2560	0
5643	0
2550	0
4792	0
2295	0
4569	0
3577	0
3546	0
6356	0
3947	0
974	0
4575	0
5951	0
2572	0
2251	0
1823	0
5485	0
141	1
1158	0
5015	0
1537	0
2915	0
6416	0
1063	0
3990	0
5597	0
4570	0
1719	0
5890	1
4913	0
1432	0
5250	0
2222	0
3443	0
5198	0
4921	0
6322	0
5741	0
1142	0
6248	0
3611	0
921	0
5072	0
5709	0
2232	0
4797	0
6477	1
2683	0
2252	0
2790	0
251	0
1997	0
4574	0
2147	0
4293	0
3684	0
2909	0
6360	0
4612	0
1557	0
253	0
4786	0
6060	0
4239	0
5208	0
1479	0
600	0
722	0
3989	0
1673	0
2014	0
4212	0
5016	0
1964	0
1763	0
4420	0
254	0
2765	0
2129	0
4588	0
5744	0
6349	0
4514	0
6141	0
2324	0
3249	0
5430	0
962	0
2797	0
5022	0
2093	0
1506	0
2207	0
5223	0
1828	0
2392	0
2799	0
2497	0
2233	0
5035	0
5628	0
2173	0
3521	0
930	0
2807	0
5426	0
3362	0
5079	0
2393	0
3101	0
1847	0
3088	0
4949	0
532	0
601	0
1095	0
4719	0
4970	0
6478	1
1881	0
3270	0
4372	0
4664	0
723	0
4469	0
4975	0
5218	0
4784	0
903	0
3484	0
1326	0
255	0
256	0
2598	0
3267	0
5211	0
4253	0
4194	0
5514	0
1454	0
3616	0
4856	0
5632	0
34	0
3102	0
2341	0
4110	0
319	0
117	1
4589	0
5488	0
2587	0
5982	0
945	0
3089	0
963	0
3889	0
2101	0
5933	0
2508	0
285	0
1923	0
5499	0
3864	0
2148	0
1558	0
5451	0
5669	0
5387	0
5713	0
1963	0
2517	0
3066	0
3486	0
1052	0
2446	0
6213	0
3523	0
1674	0
6446	1
1516	0
3481	0
324	0
4517	0
1025	0
6064	0
5604	0
5909	1
2725	0
3894	0
1867	0
6374	0
4707	0
3908	0
6311	0
3880	0
4091	0
2615	0
1560	0
3812	0
3660	0
5465	0
1708	0
1279	0
6114	0
6219	0
888	0
4518	0
1172	0
3932	0
2808	0
5338	0
1062	0
378	0
1798	0
1902	0
548	0
5306	0
3909	0
2990	0
1895	0
3415	0
2562	0
6157	0
5566	0
2810	0
5806	1
3251	0
3874	0
791	0
2910	0
257	0
5585	0
5633	0
5039	0
5339	0
2411	0
4928	0
94	1
5714	0
3991	1
4135	0
1178	0
4787	0
3067	0
5209	0
1967	0
1892	0
4895	0
5291	0
6361	0
1633	0
662	0
4351	0
5988	0
4788	0
3090	0
5720	0
1830	0
1591	0
4943	0
889	0
1013	0
1481	0
6159	0
3468	0
2685	0